[22121, 2033, 4470, 759, 617]
[873, 79, 185, 37, 26]
[891, 87, 177, 23, 22]
[888, 71, 172, 39, 30]
[880, 68, 204, 29, 19]
[874, 76, 197, 32, 21]
[858, 88, 190, 32, 32]
[895, 85, 175, 32, 13]
[863, 90, 176, 46, 25]
[891, 79, 176, 23, 31]
[897, 88, 163, 26, 26]
[867, 90, 194, 21, 28]
[895, 82, 164, 34, 25]
[899, 73, 168, 27, 33]
[919, 70, 173, 20, 18]
[891, 71, 162, 44, 32]
[885, 96, 170, 27, 22]
[884, 84, 167, 29, 36]
[894, 85, 179, 22, 20]
[864, 80, 191, 41, 24]
[866, 77, 200, 36, 21]
[900, 92, 164, 22, 22]
[865, 90, 192, 34, 19]
[888, 86, 179, 24, 23]
[893, 68, 170, 40, 29]
[901, 78, 182, 19, 20]
